0
608
11
355
68
41
118
132
164
38
45
331
1356
630
489
46
170
35
529
40
583
111
477
118
158
385
36
118
385
2579
477
331
82
35
331
17
26
1216
573
122
249
111
53
53
171
118
47
38
162
88
961
41
223
703
987
1413
85
408
195
180
385
45
619
93
1555
118
67
66
373
447
2431
981
119
111
1506
919
142
112
140
1751
139
16
158
108
101
614
155
237
49
374
812
1434
603
125
497
1309
1243
619
2197
425
171
1
291
545
953
401
88
1555
93
3133
162
41
138
772
472
112
871
161
45
180
151
45
158
758
653
93
151
100
754
608
138
476
195
964
246
43
1413
972
112
180
40
380
76
964
362
67
125
142
112
1094
602
545
2417
217
531
86
896
139
122
1374
704
111
362
191
170
445
256
615
579
503
14
100
816
121
597
112
108
119
157
290
142
182
181
1160
708
326
107
541
784
173
14
694
11
199
652
201
883
198
45
193
1026
652
244
316
311
111
203
2565
305
279
265
279
265
303
2266
3348
2588
1301
1510
308
1988
290
460
52
235
234
309
203
820
318
360
1126
249
253
52
224
39
142
1322
281
236
312
216
142
23
822
52
267
1597
158
738
454
266
233
1024
318
479
274
875
3429
2218
1137
320
372
2961
210
252
247
3499
2108
223
305
171
479
39
3547
2654
570
323
290
994
223
468
2049
305
34
303
1455
302
479
234
102
871
438
464
302
290
2332
203
238
290
373
272
794
213
1322
394
272
466
1593
2525
1098
134
246
2532
111
171
998
125
73
262
246
2050
41
249
261
649
189
483
564
33
11
2200
489
971
1389
581
667
836
1207
365
667
2368
1903
1447
327
445
68
335
677
787
1903
985
358
2690
3
91
385
353
616
580
368
602
2438
2000
944
20
269
361
342
985
165
263
68
142
535
125
112
76
767
141
608
127
972
1172
249
249
386
1078
279
399
437
4
727
256
40
281
3456
1512
390
358
105
274
454
134
1497
468
454
76
386
1046
385
806
1129
415
414
358
223
427
386
270
3278
753
305
2266
99
466
418
317
155
60
3144
318
1301
385
279
381
420
249
390
3547
290
455
1135
1353
756
382
838
736
480
270
127
249
794
251
534
386
638
534
176
302
274
756
806
68
1538
40
479
221
100
249
256
559
52
155
41
86
30
279
289
318
30
56
68
223
3277
102
462
49
14
534
742
1126
127
707
1555
1749
94
1910
385
20
570
656
169
574
1332
545
708
669
337
1966
149
580
581
597
1249
588
580
185
46
1640
18
1229
612
627
428
661
764
173
18
1840
154
612
672
386
375
562
548
708
2346
318
187
1637
176
672
559
459
1084
38
9
1431
603
38
1244
164
75
669
249
1055
700
610
2016
612
574
952
1160
577
3
669
562
1110
545
708
38
708
1080
653
618
1572
730
667
1419
585
20
587
584
589
584
516
586
1456
1379
90
1712
1247
1575
555
514
730
2648
1652
36
362
92
986
602
822
684
381
610
560
267
562
1207
205
326
23
562
329
97
573
676
1335
19
245
503
668
667
3251
668
13
630
947
660
2134
694
979
3
652
565
929
636
386
3251
252
568
661
1346
1585
651
3482
649
201
1023
48
562
763
362
705
1456
633
1291
778
2197
355
340
1026
337
1420
508
274
176
673
1420
1146
676
675
596
1000
583
1420
652
1080
479
479
562
194
961
3618
4
3340
119
705
649
191
1372
681
1629
653
1397
559
133
546
53
160
692
610
614
574
1068
1420
180
1177
893
545
545
565
595
1797
859
677
599
545
3278
2461
1052
166
236
1052
649
598
1177
52
54
164
2588
614
2482
309
2961
579
749
744
479
742
1517
100
68
810
579
468
245
408
155
129
3124
1854
2168
614
656
279
1670
2928
656
527
188
617
379
1189
142
2183
112
139
148
657
373
1236
3346
705
946
545
1529
588
903
1301
1441
675
1157
1833
236
801
155
112
347
303
797
245
69
2146
545
1152
790
816
13
303
816
412
1944
447
797
753
790
237
676
1125
303
802
380
480
820
236
2486
86
428
845
138
57
221
1193
1997
447
1599
840
2450
832
2046
179
1764
812
1764
832
290
5
468
386
463
801
303
1116
1535
794
800
51
365
790
1533
52
858
857
926
756
84
2540
1738
2160
856
201
3135
290
856
3346
1095
873
872
872
555
662
692
696
146
1575
3370
892
196
248
883
1746
3088
1959
243
900
221
696
245
662
1095
1686
1882
559
872
640
1073
371
783
483
551
1283
1489
1400
551
373
640
160
640
194
2792
925
1629
252
75
865
1824
234
1791
1167
318
859
705
662
201
1027
941
1646
1026
506
358
1997
560
3374
216
105
564
941
612
1148
501
189
1156
2183
516
956
38
564
703
541
956
955
956
973
151
534
50
489
1511
133
623
1944
970
970
84
968
334
175
146
564
2892
946
1364
7
139
779
199
564
466
1383
370
929
52
441
1085
859
1023
930
968
1023
1002
1360
838
1403
1030
678
164
1005
800
693
1006
1005
2164
1017
2162
1024
968
1052
154
979
2482
1597
1008
1400
379
1039
1018
3479
994
460
2674
200
930
1670
570
999
1085
1403
473
2610
175
1045
415
2961
2361
130
479
2188
222
1602
1036
1863
473
377
506
1156
694
1061
2127
698
558
607
3590
1723
1076
1518
460
3162
2361
1961
1259
3552
290
14
629
1191
112
901
2813
16
626
2730
1403
414
525
682
1070
562
1782
1910
1031
531
112
1795
580
181
290
370
247
1339
871
1409
501
681
296
756
1102
1101
240
692
2043
1543
693
1029
1718
570
1888
3252
1070
370
545
1335
1908
1888
1153
1106
1124
2188
696
1127
1117
209
1230
753
309
1285
514
651
3093
1110
443
3441
295
359
1788
160
3562
1023
1614
164
170
674
1316
944
484
1383
1420
341
729
143
3092
1068
1145
309
580
565
1558
1649
958
174
585
612
1049
2730
1144
1802
740
384
1212
264
1403
456
1812
1228
1243
1087
508
1212
2082
126
2729
1489
517
667
113
1244
1070
2367
2292
164
1092
580
545
667
734
2665
1235
709
731
580
3229
3004
341
667
2961
3447
340
341
667
1258
447
2035
412
3472
1056
327
1244
1699
2466
1332
1153
1187
2883
1346
517
1127
341
1383
1244
2215
1201
703
107
1171
1526
3146
557
1119
703
1190
581
341
594
3045
1997
3007
3549
1279
445
1945
740
1244
2834
1177
468
2990
1267
479
3132
2127
1231
1223
1261
360
2961
1650
476
1160
837
1562
434
139
1081
2417
1419
1095
3343
116
906
48
1130
1095
1288
1095
1285
501
661
501
97
2152
12
895
605
2379
1762
1288
784
71
2710
1126
1195
95
2812
1820
95
1309
2205
1527
1637
2961
930
138
1735
2538
1853
1324
902
305
2031
2607
1462
1758
593
1094
1330
1712
590
1420
576
1832
1116
729
1342
1389
1335
3340
2102
2102
1289
3394
1094
1228
572
1285
30
353
210
2656
385
708
3586
12
1441
1386
1029
3284
1368
1368
367
1144
844
784
1005
1361
317
508
1301
695
3595
1572
2710
143
1386
2119
963
3159
1358
1203
1232
1908
306
1358
567
2118
335
62
2812
1758
2174
128
2329
1384
1453
1895
1356
1018
209
2473
998
1389
1017
648
2534
1125
570
370
143
2189
136
3284
605
2654
438
1912
1207
668
936
726
1089
119
672
2555
1428
2983
1293
3348
550
2509
1567
91
3230
1704
1317
1237
2939
185
785
64
160
1445
1444
3392
12
1146
2332
2609
445
2245
501
758
320
659
143
731
2091
1660
70
1325
2869
1488
390
1854
368
2428
886
2514
1888
1140
1862
267
614
224
371
203
545
3344
295
780
1177
1216
1690
2577
1092
1464
907
148
2258
1119
2759
112
1895
1191
66
1052
406
346
2026
247
649
986
2388
217
886
1731
549
987
963
1187
247
942
667
3505
1207
806
594
794
1076
1844
2991
1525
1524
1239
1312
1527
781
185
185
868
855
926
849
1309
1316
68
3252
1531
1552
1560
1106
103
1560
1122
2948
914
1723
582
3265
1777
1597
3289
162
594
1987
950
1119
1545
665
893
2428
800
1279
581
1433
3394
1376
664
3522
1055
1207
595
595
1187
2729
3233
3251
1094
1764
3394
2714
413
648
499
669
1335
677
2720
615
3247
309
1595
2319
1017
1023
1600
831
1601
1600
1600
1601
1606
1606
1607
1608
1607
1603
1607
1608
1614
2805
1615
1614
1615
1612
1646
1431
2296
371
843
138
335
740
1152
2108
697
697
396
182
2187
772
502
732
17
97
1052
3247
595
475
2482
660
148
2883
2016
660
2654
606
1270
115
822
1652
103
102
926
825
2738
3413
1460
1316
487
3307
1645
1668
1006
1403
2674
1672
1028
3165
465
2354
291
1959
2984
1785
3018
2443
407
1391
1142
1728
1216
1789
896
3522
1489
252
944
2902
1702
3536
2624
1766
819
3300
2187
1222
1436
3514
1692
392
1864
1943
1610
5
441
3318
1134
1552
1330
2607
3136
1597
412
746
295
1500
456
1667
1304
1058
1177
2580
461
1764
3136
1787
1751
175
1438
801
1131
2379
1746
1983
68
644
2611
1903
1743
1697
3426
2201
886
3310
2255
1698
1699
1236
1769
3522
1052
2095
3136
2694
1326
1555
2885
545
1299
2016
806
466
1695
2287
1118
1752
2016
1518
856
1890
876
2158
1016
1552
387
3132
1175
1604
1083
991
2218
1677
2622
1809
1864
290
1408
2095
1503
2840
750
1088
1864
3014
460
2961
279
53
731
3251
1840
694
2109
2066
476
1787
801
3112
433
373
2660
756
729
2241
1358
1308
1308
1888
986
1115
921
3516
2607
1032
1740
1901
2427
859
1555
1712
2507
785
1415
1293
4
3493
1892
305
1415
664
1522
12
3246
3152
488
1293
2654
1459
1237
1319
756
3168
1131
422
756
1538
2690
462
1473
1046
1237
387
2873
1569
2961
1146
1381
2957
494
2977
1760
1375
1673
1227
3326
430
2986
1462
897
3521
1566
3493
1716
3586
756
3586
557
1132
2197
1059
1081
1236
1260
701
742
758
1125
2380
840
1741
2091
1415
1929
160
1117
1869
498
2617
1418
1864
1311
2530
1868
313
1460
2119
2885
895
1431
2774
2241
2261
1394
154
1460
1697
13
1329
1292
247
1896
2532
1052
820
2563
790
361
3384
2665
1705
516
412
636
1905
605
1177
2194
3239
2307
353
266
2416
3493
382
3237
266
3382
1106
2419
1230
3260
1508
1967
1966
1127
3251
372
2347
2068
771
1975
1974
3452
2824
1322
3374
1995
1996
2017
514
2009
2016
2075
1557
1987
1575
2364
2022
2139
1998
2899
2364
1981
829
3150
815
1997
2012
2183
2022
1421
3324
2013
3080
2012
3522
2920
598
2008
2368
2024
936
1646
1982
952
579
2364
2835
2003
2080
2003
2026
2025
2504
1319
2533
2654
2961
264
1395
3178
1216
560
3205
1216
3394
1843
3367
1959
1105
1095
414
835
1500
1662
283
1809
3194
2546
2677
2051
154
1341
756
3247
3168
1269
831
3300
1970
1521
3136
841
2419
1972
534
1070
2072
2071
2368
361
1986
2077
3235
529
1255
2023
66
1183
3394
2557
2817
1287
3429
1881
1881
3346
1459
1341
2518
1237
1791
269
2959
1905
2753
3586
2088
1341
529
821
2108
1180
990
2205
3014
2367
2502
3516
1028
2079
2081
3452
1460
1315
1378
1727
2959
1905
1080
3184
2425
595
209
2127
353
3214
2086
3167
3165
2871
3625
248
548
3511
1992
3435
2604
2934
2145
3267
3515
798
3226
3387
2805
874
1690
2259
1597
2203
2158
3083
2259
2155
999
873
3352
1009
3418
1723
1740
2187
3522
757
2357
2813
1400
2933
368
2793
2176
1795
2174
978
353
2654
3165
2240
2002
2458
2811
2618
1698
1042
1412
3358
3472
2061
1760
1950
2961
2205
1390
3045
1133
1148
302
3229
3225
2222
2108
1945
240
1645
626
3514
1156
2350
370
2560
1192
2195
2969
2693
1305
495
3023
1673
2860
1964
1974
1070
3493
210
806
3252
283
3239
3278
2409
3104
2385
2420
1787
2654
2182
1817
445
2940
2538
2247
3104
3374
3394
2899
2491
2753
3113
1645
2120
3122
3521
3268
1306
2679
2343
3448
1702
2599
2867
2439
266
2860
2961
1093
1692
2130
1834
3136
2579
1735
2497
2268
250
2904
2841
1700
2240
313
1789
3589
3431
1052
2894
3229
3348
1859
1193
69
2853
2396
2897
3295
1115
453
2387
1392
2524
1769
3457
1476
3582
2329
3432
2356
267
1862
2386
3348
303
2932
3247
424
2379
1595
1476
872
2243
2535
445
1836
1759
1325
701
2091
3374
1842
2950
2313
1310
3392
3346
3391
2081
2883
2003
2682
1895
1649
3383
2365
2730
148
3392
2350
2349
2352
2351
3514
2367
2356
1070
2713
2807
3516
799
1039
2358
3563
2020
2345
3076
2354
2720
2489
2942
1807
3434
1093
2869
91
922
3348
3253
1735
1901
2523
3346
3088
3346
2384
2388
1001
1505
3443
2496
3472
2049
2646
3443
923
3431
2417
3321
1319
2607
1153
3490
283
2735
3348
3251
3251
3457
2988
3392
2245
3367
2245
3408
3247
2693
2397
972
3072
3154
862
1461
3155
1202
2539
3146
1129
2329
2878
2700
70
384
3190
1673
2309
2489
1864
143
2265
247
2944
3391
2283
3229
3053
308
731
2710
2506
2908
2953
1731
562
1316
642
2819
1775
3265
2160
3444
724
2463
2462
2462
2961
3168
3256
1566
2188
3499
3360
731
731
3429
3235
1487
2919
1314
3014
1403
3394
1642
2765
668
1821
821
3493
2914
3394
3171
2197
1288
2489
2654
3374
2218
2265
2978
2538
2372
2513
1905
3251
2947
2512
2449
785
2424
2208
1812
2336
2505
2501
3586
3392
3405
2794
98
3214
2858
2961
3251
2381
2302
3538
2963
3172
2642
2735
1915
1704
1935
2029
2824
2323
3272
2519
2499
2425
862
3547
2738
407
2305
3305
2617
3203
3145
3148
3014
595
3374
3589
3454
1566
167
2961
2957
3268
3374
2984
2607
2062
3499
2600
1888
3310
735
1630
3088
2575
2877
3220
216
2049
3500
3374
3141
2739
3220
271
3585
3160
2851
3589
3392
2958
216
3266
844
438
1517
3220
3252
3305
3472
485
2871
2263
3394
2049
844
3274
3325
2054
3556
2619
2607
3392
2779
1597
3346
1428
2607
3072
1654
3374
2807
2607
1425
3072
1786
896
1616
2607
2244
1143
2607
253
606
2607
2271
2930
3486
2902
1143
2933
1646
1324
3251
3099
2607
2607
2361
0
2607
2543
599
2654
2607
2607
3203
338
2607
3374
2759
2166
2730
2723
1814
2607
3402
2954
2361
1200
3522
2365
3167
1426
2961
3247
3247
3133
740
1611
2666
3072
453
2259
3072
2919
3552
749
2781
476
3280
2871
606
3066
354
2868
2927
2416
1757
3408
3289
3390
961
3478
3401
3247
893
2402
3392
2712
1050
2974
2461
3259
1375
2333
3525
3199
2913
3549
3340
3022
3525
3013
2368
3363
3487
2659
3431
2859
248
1449
3429
1080
1168
680
3315
1645
2866
3462
3392
3301
313
3312
2335
71
2687
3323
3405
3364
3547
1436
3112
3394
2984
3474
3239
2251
3538
3572
3291
3220
3322
3547
3454
2763
3247
2761
3364
2483
3586
1730
3376
1864
3315
3586
1101
2993
338
2215
2233
2865
2557
3126
2058
1512
2975
3251
3522
1425
2883
922
3546
3564
3069
1016
2809
2174
2517
3289
1614
3100
3267
3441
2803
2795
2809
2800
3222
2806
2805
2618
2799
2792
3329
1614
1391
2170
2815
2814
2808
2845
2933
2456
2833
3430
2233
3607
3586
3133
3007
2891
3537
2635
2279
306
2939
1524
1257
2961
3549
3134
2674
103
3048
2280
3201
3392
2171
2817
2933
3452
1327
3153
284
2606
3424
3394
2961
3348
3432
1758
2520
2725
3348
2961
3405
3394
3229
2961
3315
2264
3206
3607
2650
2687
3549
3374
3628
2988
2256
3424
3136
3348
3374
3214
3431
1645
2693
2883
2961
2878
735
721
3493
2244
975
388
3220
3252
610
66
3463
3394
3348
3586
3598
3358
2279
2347
2627
3441
2450
1227
3242
2907
3251
2714
3013
2659
3373
1976
3267
1149
3011
2061
3491
3394
3429
3528
3291
2984
2805
2930
2961
3252
2960
2793
2142
2174
1283
3394
3136
2832
2243
2990
3429
2332
2305
2848
3536
2504
3037
2599
2332
3253
2108
2451
3252
3296
3521
1871
2961
3322
3472
2809
3521
3222
744
3300
2154
2819
3457
2217
1664
3405
311
3023
2707
2782
2730
1873
2498
3521
3527
3457
3040
1428
3214
3190
2987
2986
3394
3441
1260
2009
2062
2773
3265
2252
2218
3586
3212
3394
3387
3439
3399
3528
2163
3065
1185
3010
2961
3013
3007
2920
3007
3009
2109
2109
3506
1018
3136
3394
3429
3194
723
2221
717
2028
1360
3549
3374
3619
3252
3441
2560
3171
3171
3237
2422
2948
2599
3572
3431
3237
3330
3429
3268
3242
3427
3441
2840
3392
3045
3252
3392
3392
2431
3176
3472
1565
3220
3281
3058
2357
2961
3452
2730
3005
3229
3586
3172
3226
3540
3220
2419
2961
3611
3355
1730
3185
3586
3527
2007
2961
3547
3394
3085
3087
3087
3086
3516
2758
3089
0
3348
1133
3392
2988
3430
3527
3257
3522
3521
3544
1044
3355
3348
3104
3104
3382
3396
3624
3472
3394
2961
2252
1642
3503
3512
3478
3251
3220
2316
3424
3348
3552
3392
3516
3549
3472
3247
3214
3149
3348
3055
3247
3568
3374
3394
3344
3487
3374
3138
3144
3375
2961
3141
2548
3383
3514
3356
3444
1998
3515
1847
2849
3562
3536
844
3158
1283
3160
3159
2304
3394
3212
2958
2181
3405
3514
2466
3500
2753
3479
3362
3229
3431
3178
3055
3176
3175
3170
3178
3392
3603
3376
2124
3077
3514
3374
2961
3366
3595
3549
3547
3229
3591
1015
3444
3160
3612
2713
3515
2842
3146
2792
3500
3392
2868
3251
3405
3441
3447
3382
3315
3258
2984
3227
0
3218
3217
2961
3058
3212
3226
2961
3429
3435
3222
3215
3467
2832
3229
3441
3379
3237
3237
3236
3235
3084
2599
2752
3242
3405
3243
3242
3251
3242
3251
3128
2034
1935
3586
3247
3247
3247
3253
3182
3133
3247
3247
3456
1964
3225
3478
3457
3394
1551
3562
3521
3392
3119
3348
3549
2643
3394
3426
3457
3547
3252
2961
3082
3392
3300
3441
3212
1360
3329
2557
3625
1775
3222
3440
3435
3293
3300
3521
3392
3431
2735
3394
2983
3302
3315
3300
3315
3300
3300
3315
3300
1747
3314
3429
3382
2599
3307
3309
2866
3133
3281
2961
2330
2195
3462
3251
3325
3323
3323
3363
2869
2487
3394
3549
3265
3493
3330
3287
3547
3212
3212
3315
3379
3344
3344
3392
3344
3240
3344
3392
3394
3394
3457
3525
3604
3340
3549
3595
3103
3291
2918
3572
1906
2929
2054
3326
3326
2764
3506
3449
2961
2961
3441
3310
2679
3493
2916
2330
3142
2330
3378
3601
3378
2900
3280
3107
3394
3383
3346
3387
3305
3443
3557
2871
3394
3588
3391
3573
2643
3108
3161
3435
3002
3280
3303
2335
3441
3392
3406
3405
3405
3405
0
0
3405
3347
3394
2998
1520
2643
3480
2163
3394
3559
0
3252
0
3394
3426
3425
3307
3372
3394
3429
2961
2961
2813
2961
3398
3572
3241
2350
3394
3290
3442
3441
3441
3446
2160
3444
1210
3449
3448
3449
2643
3063
2372
2554
0
3009
2304
3176
3547
3392
2937
2735
3528
3190
0
3394
3228
3547
3525
2722
3521
3521
0
3278
3522
3394
3381
2971
3171
3616
1314
3394
2251
3273
3394
3416
2722
3394
3521
2402
2922
3251
3394
2463
724
2891
663
3598
2470
3204
3552
3394
3418
2143
3160
3365
2755
3628
0
2564
2198
3203
3482
3552
2145
3392
2745
2445
3625
0
3526
3521
1883
3521
3469
3521
3556
3394
3595
3472
2058
0
3266
0
2851
2988
3585
2868
1528
3070
3559
2881
3069
3101
1666
2788
3459
3547
3330
0
0
3553
3552
2636
3394
3527
3628
3267
3420
3113
3558
3108
3418
2402
0
2825
3394
3448
3394
2156
0
3436
3394
0
3394
3394
3394
0
3394
3394
3394
3394
3065
3394
3394
3394
3394
3392
3392
1057
3194
0
3582
0
3136
2101
2651
2902
0
3538
3378
2699
3182
3351
2965
0
2869
3472
1269
0
2946
3198
0
2997
3218
3480
3480
2002
3124
1057
0
0
1898
3109
3626
3625
3529
3508
