0
1481
3108
2068
4142
5825
1092
4986
5427
1773
1120
1232
5258
3555
900
774
5506
905
716
3469
1313
417
770
4488
921
4011
4424
1797
3161
5841
1550
5859
257
2496
3712
59
3649
1114
3095
135
567
2433
4005
506
4076
1883
5728
1959
1613
4416
612
3382
4568
424
2849
2657
3783
4420
3313
1273
2682
1935
1383
3223
370
739
1515
5084
2799
1104
1769
3627
5562
4350
2578
629
9
39
2724
1808
2603
4323
4856
2551
87
1621
2350
1188
2704
1305
692
1276
5575
3414
4030
2692
5919
5516
1991
3560
729
4260
1238
4003
3494
2539
3778
2478
276
1367
4811
3532
5998
1641
5419
3326
1011
1675
5496
634
5776
3645
6007
2793
4875
2539
3911
1784
320
2946
2146
225
2029
1546
4809
39
166
3854
5485
58
3039
1398
1833
3608
5207
3223
1383
3085
3272
692
5053
3163
1332
77
675
1881
4618
4166
27
1756
565
6039
3033
3327
572
1186
3163
1700
756
1530
5983
4650
3622
2544
1320
1530
2447
3092
3025
2790
2081
3928
3057
5998
634
328
2891
1203
1608
5664
4092
2517
1613
2544
967
4276
2369
2644
3678
4387
2686
412
1329
5637
2887
1325
1589
320
377
1719
4376
115
479
2191
1345
217
984
215
704
775
2310
2696
2845
403
3269
4606
275
1811
2697
480
5089
6021
923
5091
5540
5538
4981
3899
5525
1196
3119
3645
620
1148
2439
2496
2799
2324
1188
5730
565
2256
1601
299
5355
4385
1490
1784
922
1628
1030
1530
6029
118
765
3025
297
4725
528
1432
2539
1120
295
531
1602
3270
1906
5562
3800
4145
5044
1517
1388
5489
2995
5251
4289
1376
2254
5444
4227
3750
3927
2376
2588
4131
3661
1672
361
755
2786
1628
1447
1836
5998
1357
2380
1896
1579
1784
570
1830
1668
276
1998
5057
1723
4918
1782
1980
128
971
2927
1430
4172
3765
3380
307
185
1980
170
3425
4171
2185
2660
1333
2921
3598
118
2476
5840
1520
2262
1647
3256
4683
3712
5938
3948
2683
2142
2876
4542
5961
3252
1246
1637
4943
2550
1852
2291
298
7
612
5026
3577
984
1024
4140
2754
1679
1430
721
803
400
5689
1831
208
1773
1114
132
3354
5546
43
5011
774
1430
5618
2170
718
278
1378
5366
6031
4568
2658
4214
231
2105
1862
3022
658
5971
2887
2387
4096
3170
3339
1791
2105
402
6015
5014
728
1868
5014
1153
1353
2792
4011
5156
2384
5983
1955
4343
5474
5448
1166
3192
295
995
3192
5782
4890
109
3901
571
3948
1120
5049
4871
177
1530
5913
5941
4405
1323
2616
2314
2101
3932
1693
137
4477
386
806
5591
409
612
2392
4272
1667
3012
1853
3222
5680
2185
4289
2531
2154
5419
872
4064
2442
1842
765
4020
3242
2658
5919
609
1861
3807
5689
3295
1756
2221
1633
4064
5227
634
96
1438
1099
1054
3456
5338
1011
1273
1383
5383
717
2657
5998
2982
185
5890
4934
3092
3163
2299
1110
2632
4090
3924
131
3606
2497
1088
2220
1087
1868
1665
4232
4276
857
2539
4562
531
3394
1665
1958
1771
4385
4844
4066
2457
2171
5813
4260
2823
774
1166
3625
348
5180
964
4449
1357
424
1880
5370
3384
3748
842
681
5649
2783
4830
487
42
2245
5841
1746
4701
1520
3674
4776
1787
4085
528
6029
3149
5665
3130
5385
177
3425
2658
685
4110
726
2212
2162
455
5722
4943
5474
1899
2758
1407
4779
2152
1963
630
2142
612
1934
1550
5251
1251
4311
3169
1979
5530
5647
2799
2658
3066
1558
3606
774
1166
2752
5641
3393
1633
1398
612
3269
1263
4513
5251
1628
1260
478
1476
5306
3949
2999
594
2105
2200
3898
119
59
4333
4270
4288
5025
578
4830
2515
135
4943
2080
5725
2163
295
3354
7
4237
3126
1769
5168
1897
3402
1563
870
2178
3272
1578
2995
2021
671
4184
722
2152
652
4032
1863
664
4965
5997
1063
2655
2419
5099
5830
4594
5932
2979
2598
7
2735
3157
1384
2105
4300
3577
3081
157
710
916
2005
3945
1264
2170
3915
2116
5998
5562
2092
1431
976
1858
5997
5729
612
1424
692
6039
716
1472
2116
2730
3414
501
2380
2799
3696
2116
4171
1025
3916
578
1158
6015
659
2262
7
4783
2395
1703
3937
3678
818
829
228
65
1537
46
5777
3002
42
1783
4216
84
609
3877
1569
1431
1980
1778
5452
5789
2598
4032
2603
4256
1520
609
2299
3166
556
198
3775
4015
643
2550
3471
703
4474
4208
2022
219
4233
2887
3281
1204
4724
5346
115
4568
4396
4568
3730
940
2995
4396
4064
3723
1589
1389
766
3532
2030
991
2529
841
556
5370
4447
6007
4846
37
455
1427
4336
1441
4600
5664
3342
2782
3729
2839
4941
877
1833
7
3819
1480
1051
1836
2140
5536
4650
1798
3023
737
5996
458
1853
2657
991
2204
956
2539
3123
1264
3521
1979
1769
5474
5974
1833
4508
1116
5835
3712
1015
4209
4136
3582
531
3462
612
5445
4120
2590
3721
3775
1729
1578
1699
6007
888
703
1357
1676
658
3342
1798
2753
1180
1910
3556
3311
882
4826
632
2010
878
1417
4122
3456
1037
1121
866
4168
714
135
5695
228
3630
3607
2864
1879
311
5811
14
2415
2086
1436
4237
2354
5242
5109
884
2644
911
3272
3437
3953
829
103
3170
5540
4560
5089
2559
5101
1182
232
1628
3486
119
1107
1897
802
2844
1387
4934
3042
531
970
5117
1051
799
2323
2005
4391
1847
2570
643
1172
703
3787
1884
4048
3008
2224
1407
4456
2084
1202
5383
1579
1863
2425
3920
1732
5235
1264
546
2332
3305
813
848
5178
1958
1132
2644
1087
1672
1260
704
4898
227
1220
1938
1077
1024
567
1861
876
1477
5970
5101
2364
95
106
1233
5933
3534
430
3265
2646
5926
1696
5841
1407
3699
5961
2012
3683
1684
4272
3722
1700
1264
5306
5047
3437
502
3224
1203
1722
1490
1899
4986
4851
706
3743
1355
2189
5998
2379
750
766
5530
5678
3935
1512
4578
4008
1324
1979
4830
3627
2641
4583
5217
5485
2170
628
632
4892
1517
1784
1962
3391
2531
1320
494
4262
5098
563
58
5370
4338
1337
3380
674
2636
4827
37
515
531
187
883
3866
2726
3634
984
5251
1493
2288
3363
2070
2569
2933
3630
3166
3619
1188
1628
2041
1980
3126
55
4600
4356
3534
1087
943
5346
5914
1892
4952
4219
4488
4612
2622
578
295
1589
927
2569
5358
1436
1410
1613
1430
3577
1781
847
3163
2028
4941
10
2380
2126
1713
929
2116
2646
2463
1899
2262
1137
1021
1695
1775
5444
1856
3409
839
4966
3450
2544
2041
3970
366
1166
2046
2590
327
1276
1769
1899
4883
5752
2973
1226
5102
2858
2449
726
742
1679
1292
1899
1060
5811
1215
1981
4171
5344
2029
4372
61
531
2116
1933
4827
5841
3783
315
3760
2591
1015
2244
4166
3899
4390
165
2459
1349
2306
2464
5998
4158
3912
331
3295
3277
1256
1329
5970
3337
39
4385
1088
1679
3364
4199
1112
972
3753
1578
3080
4811
5992
5011
5777
3588
2347
4801
2186
979
3309
3479
386
1899
574
1615
5926
149
1336
4488
2083
224
992
2591
1963
2463
2160
2833
1773
3149
2208
1015
1922
149
3092
3471
1713
4902
5881
3495
4262
150
697
991
5997
1197
5686
304
458
1285
1204
2776
2029
839
2106
5393
2030
4955
2314
1893
1592
2837
588
2544
4648
5044
4548
2492
5106
1765
1707
1520
1574
4115
424
1769
574
4842
5129
4262
4770
542
1232
731
3622
2658
1628
1120
2876
1366
1628
652
839
3808
3876
4488
4142
2806
3869
1012
2350
3714
1157
2810
1387
1563
4447
1456
3120
2146
2170
3292
991
4846
1586
4875
4300
4129
202
1905
4851
152
1884
3379
5721
4846
2386
130
3336
1579
1919
2021
1592
5886
1391
1444
9
5419
3534
3057
400
3460
417
531
1024
3327
4030
4129
5189
426
2967
1589
1459
4030
177
506
3423
1914
5613
295
1715
2327
1771
3501
2314
287
1737
931
1848
780
1732
4583
1980
2644
1515
4846
931
3409
1860
2887
1345
3493
4498
1633
4488
2880
2875
1461
4488
2658
645
845
1771
3674
3888
2658
5717
3967
1430
3771
3898
4719
671
4568
4846
3164
1979
5567
2149
1264
3732
3401
4890
1341
5393
1579
1481
458
2028
1409
2644
39
4283
4152
1471
1110
4089
3990
5998
375
809
1215
1075
1487
2469
2171
424
4088
1285
2277
5830
1615
5215
4300
3894
1318
1628
4846
4640
2087
1398
1520
2728
3022
4505
3281
370
5530
2849
3791
1435
5530
5678
1215
4618
541
1864
4875
5291
2710
1427
1608
3832
2918
5376
1831
1444
5917
1325
5530
2872
585
213
1633
541
4040
1490
529
5172
2362
4047
3858
4883
3447
1899
10
1427
5205
757
1633
3316
1471
2478
1409
1385
5914
281
586
5935
565
1400
3645
5841
2847
2034
367
2787
789
4718
1628
1633
2658
4720
2502
5976
5875
2087
1930
3039
2627
5935
2887
3598
135
4432
2380
1693
1269
2644
1773
4830
963
5990
1197
2957
1220
5217
609
4617
4131
4830
1341
657
4568
3438
612
2354
4315
2476
4002
5474
2739
1037
1283
3808
797
2050
2539
1264
1890
4231
2530
4066
4714
5784
1899
4542
2606
3092
4708
3300
1343
1833
2849
2170
2548
3203
602
2887
984
3858
2787
2285
1550
531
1902
1897
3850
1383
1136
3625
5011
1117
6018
1226
118
4488
5888
88
4811
5158
4300
5996
1320
4393
5997
1462
839
1468
2682
2661
1899
616
918
4385
3924
2200
1979
4311
819
113
5976
3426
506
869
1480
4385
2140
2274
1628
4300
2087
2940
5961
2824
1171
1337
4507
1520
2009
4589
2644
1773
3783
5996
4216
1490
2704
1459
1663
5288
5627
4209
3783
2995
869
4265
736
1204
4168
4900
1397
4753
99
1899
1520
5785
3714
4732
5890
1234
1693
1899
3694
2789
999
2041
1285
5538
1037
1980
582
1784
3629
1342
2680
3757
1719
3723
940
1914
1628
1732
4032
1037
3441
2544
2644
1708
2087
3593
3997
2921
1666
3727
5678
4020
1938
1893
2028
2362
1713
524
4842
813
4753
2777
1204
2639
4323
1333
2816
616
2726
1486
563
3872
1884
2967
2028
1520
1628
1564
751
2041
4628
780
1980
3833
37
4332
7
2758
3625
1204
1801
149
4881
3850
4174
4108
3164
1550
1652
457
2131
1595
2116
1878
984
449
4066
745
632
1240
2061
5215
3310
3223
533
1863
4910
301
2683
397
1273
656
2128
56
1601
1766
3394
3858
426
3192
5656
929
1713
70
1398
1251
5830
5495
4474
2099
2539
1665
6003
1589
2929
2159
3845
4780
570
5919
3659
1166
3250
3068
5236
1679
706
845
4030
4542
1628
1264
2867
1564
4108
1833
1579
939
1009
2737
275
3785
2028
7
1938
1058
359
4193
3683
778
602
2979
1850
2065
1389
984
399
1791
2037
1203
5784
6033
2550
1874
118
1523
573
2814
3344
411
5964
50
3940
5554
1285
3608
5366
5887
4446
1906
2099
1320
2291
4577
1586
4405
1098
1037
2676
377
5516
2753
5965
2544
4671
1920
3598
3394
198
5445
1166
4583
2459
2387
875
1619
2544
2224
1368
1166
2544
623
5562
4548
3401
4682
1530
1774
1158
4606
5053
1848
1803
3164
4866
1357
2307
1166
4396
61
1419
5887
1850
3045
4145
5830
972
710
2655
1075
3732
3534
5530
2591
5777
1924
3080
2644
2070
2184
5319
3541
4084
2704
2170
1304
1050
2738
1527
2658
4873
900
1530
1120
1075
5831
5938
2644
424
3350
2603
112
1544
1037
1285
1166
2642
949
1202
949
3181
1858
5642
2821
5689
4158
3593
3225
2823
5705
3353
263
1899
3523
96
2864
2038
2386
1135
3898
2343
3354
5368
1550
3471
3899
1004
5777
4594
2063
5522
3854
1899
3850
1579
2228
774
1613
4219
3913
2795
2933
1166
132
1884
5653
1855
1037
1525
2414
5712
2710
1899
1392
2864
1088
5916
506
2606
1111
2606
302
2391
857
3975
818
5964
2961
877
2625
1058
3150
354
1712
3192
2644
4498
1958
6036
1859
185
5537
791
2121
774
2232
4644
1988
2474
643
1893
3471
34
2262
1003
1935
3629
2591
3054
5895
902
1652
949
3137
1030
4260
1899
2250
1939
1436
4898
1803
3598
1520
531
449
2895
1679
4390
4057
1265
1833
4426
424
4111
1642
1493
2149
2374
2658
2777
2381
5044
3619
1086
3039
5396
1175
1285
1427
2132
676
1906
295
2087
808
2126
5771
5242
574
368
4011
2200
3384
2537
972
350
4809
46
1746
1320
490
198
1652
4101
2961
592
4351
4846
1919
5663
5704
208
1382
1237
1227
899
915
4447
778
3609
1206
1943
1919
1321
1446
2188
1899
56
2054
2288
3962
659
1663
2995
424
1713
4066
1955
1273
4286
818
2172
4265
5452
213
2180
5379
1328
853
1769
2461
2754
1411
632
3493
5049
4020
3661
4343
5791
2644
3684
1368
886
4089
582
703
630
3126
1226
1166
2128
5370
2417
2918
5839
710
951
169
2812
5616
7
2260
5997
4407
4115
3082
2578
2777
2245
1285
4325
4012
4667
4372
3029
610
1884
2236
3370
314
3427
1462
1537
1285
2970
360
1093
2462
251
277
1120
2544
213
818
5981
272
3272
1497
2112
2170
5239
1765
2969
4660
275
4907
5217
4295
3881
3783
2569
3753
4325
5527
3858
135
2783
1603
5035
4110
1077
5091
3723
5686
2342
1387
3435
1410
1462
907
1204
3456
2539
1549
3281
3108
2909
3748
2423
1932
2739
499
916
1633
5071
5694
1411
4141
3345
70
3872
916
1107
676
2112
4507
2788
135
3480
4338
2770
3039
2262
1407
965
897
3292
5111
1868
7
3169
5042
2507
2770
2644
2006
3606
5012
2006
5532
4881
3270
3714
1628
4030
3475
1856
1998
2788
2992
4678
2189
3523
176
1500
1118
2442
756
1468
5176
558
196
4110
3363
1239
6033
3414
1633
1260
3534
1803
5664
4577
4547
506
5971
2191
2543
2003
2823
4478
2544
927
2770
2864
2084
2458
1260
1326
829
4321
2662
4197
2539
802
5993
1805
4692
3599
857
3409
4753
238
2761
4
2827
4508
901
3176
2799
3748
2895
4965
1665
3258
797
2262
959
1569
186
3947
4999
2644
4080
2598
4730
4821
1093
4032
3339
5521
244
5506
2696
5419
5042
2003
2186
3767
176
370
2644
2179
4179
1136
331
3755
3274
4866
3767
817
5656
1756
2256
1325
1127
197
6001
3645
866
5981
3924
1529
1166
3280
2770
2714
4197
1569
857
1884
3352
1563
5200
1185
2067
3674
1701
2634
88
96
2105
1166
1468
1278
2578
3783
4554
245
4275
4305
354
4376
3270
1534
4288
692
2587
630
1980
2924
2598
2598
4981
2704
2652
5057
1665
2639
2249
3331
4929
2982
2374
4019
1775
4463
3845
4252
5967
3584
1941
4396
1052
4221
3899
455
2659
1107
2092
5350
3534
4140
1687
2375
5664
1899
4708
2547
829
354
4718
769
1201
5919
2377
239
2478
2557
1799
3119
272
1963
2260
1312
1406
3945
3272
4590
3393
70
1108
3174
2624
5370
5509
2652
5530
2403
2058
2369
5720
5177
5642
2612
4731
3355
5540
1036
7
1107
2641
859
2598
3108
4489
431
5117
3916
995
5935
563
1663
1144
266
1976
2839
3393
1588
4987
6039
3475
2569
1628
3240
1914
4145
1831
2704
4451
1652
5660
5981
5554
1065
1107
4021
1357
3874
3080
2376
4471
1769
6038
2441
4262
1897
2770
2658
1608
3018
3783
3874
1040
818
3822
1384
338
997
1566
2035
3365
2585
4129
2513
5215
5717
675
4486
833
3783
1273
1114
1631
2399
3945
3272
4447
56
1355
263
2642
2038
2644
3535
675
5538
5306
1894
4856
547
2537
1706
2383
1630
3649
3299
3753
200
3584
4938
3415
2729
3760
95
5017
1146
4890
2441
228
3417
2343
3450
683
4514
5998
2512
5950
3787
4546
5932
1633
1037
4852
5331
790
2644
5476
5476
2646
5360
3251
3183
1924
2598
766
78
2644
1744
3456
5881
3535
4049
5014
3480
238
37
2891
1972
5041
1963
1572
1031
3427
3500
1958
4850
4610
5612
1853
5444
4943
1853
630
5219
1899
5859
5265
5981
1021
3339
2521
5776
4020
5841
3102
2544
3353
1998
221
457
3316
2328
1086
3928
3831
696
3904
3129
2116
2849
1446
5890
3394
813
3659
1628
5177
1260
1602
1896
5616
4405
2550
757
4447
755
5777
2041
1462
4169
4890
4328
2891
1906
5368
3414
2607
1308
2753
1215
3195
4085
1075
2771
4989
1873
55
3535
84
58
2867
1015
2835
1014
2387
5142
2872
1884
2413
787
3181
5730
2957
5474
1411
5516
2644
4546
1272
4846
815
2931
5653
110
2141
930
222
28
1117
3664
1594
1257
2973
2101
823
3410
61
2607
2909
581
4488
5053
135
562
1407
70
275
4270
228
4405
1410
1407
2101
1628
2810
1797
5881
2576
2126
3029
3185
3167
1204
3386
4023
5477
5971
4376
3791
3678
326
4984
3850
431
1289
5530
1579
2116
3169
5835
4978
3313
2537
2658
604
842
3157
1245
4447
449
2304
2590
3990
2530
225
1588
3269
3002
81
1484
3101
2714
1135
2985
3160
2508
1979
531
3866
4507
4606
1401
2840
3409
2658
4047
5996
1657
2933
1922
3653
1653
3118
451
3568
224
578
4129
2872
548
5180
432
725
3788
135
871
2691
5972
1555
135
5932
5933
2151
1884
5961
1036
2963
301
1899
2380
2270
1177
1166
1466
2891
2787
6036
1410
4434
2544
1857
2303
578
5998
5530
1633
2180
1980
182
842
316
5666
2838
2357
2559
4212
2180
3755
3945
4011
629
3003
3964
4846
3000
4920
1215
3256
2728
950
2443
4199
5972
2921
3029
4090
4930
2299
3712
4447
2644
2293
969
1320
70
3414
265
2041
5665
3510
1117
5391
3391
3625
3192
3351
1188
4252
897
4316
2121
3008
1789
4369
4258
3272
2013
135
1320
4861
106
3730
757
2783
5653
1015
3852
3414
182
1040
5935
3409
2538
104
790
2341
2023
4061
3224
1829
295
1905
1269
1632
3534
2639
3054
7
4474
2080
3387
2627
3767
5971
1410
3245
1468
4061
2934
3057
713
3644
400
3827
1699
4720
38
4271
5240
3103
42
3551
3653
2763
3098
5798
3873
5459
658
3822
3084
3394
781
2679
4399
5031
3008
4131
236
1884
5616
2392
4519
503
5800
2961
4216
1089
1455
3054
2446
574
2476
1247
3149
3670
6039
1771
3223
5184
3369
5794
4986
208
1164
3925
5417
2379
5452
371
2867
2057
739
3264
243
1112
3231
134
2905
3159
3158
5983
4470
4129
1117
1929
4943
763
5722
3342
3873
916
2967
2691
5996
2570
2310
4420
2831
5444
5215
3182
4419
3180
4487
3872
2023
5998
4323
3322
3649
997
3414
431
1831
1548
1040
4351
4811
3803
3624
1164
4421
714
1597
2652
2887
940
4336
3745
4568
2703
3233
4562
2771
1023
4463
1273
3029
2086
4265
3346
1855
464
2005
1015
1993
6039
5316
2573
4098
3710
3155
4164
588
4543
1160
3947
3310
1511
4827
5675
3972
5678
3191
784
2992
187
3729
5961
2080
1828
2719
354
3572
3782
4827
5180
562
2422
3163
4508
839
2688
130
4258
996
2684
4262
3506
2591
275
5219
4447
4701
4460
3554
5092
5370
2034
3024
2105
778
1539
3169
2387
3471
3025
4467
1003
2614
597
1406
1899
4056
3322
582
5890
4570
77
5635
1260
1077
3871
1763
5162
845
1513
2632
2063
42
3237
877
3311
58
651
3125
1511
4199
5129
4206
2887
3170
3294
1535
557
2864
115
3653
4725
656
2314
2787
39
295
4140
4119
4032
3137
2428
3732
2190
2387
4265
3537
1874
2484
2140
4645
797
3414
4164
3971
1357
2765
4108
1027
3394
3540
4057
371
2660
3588
1107
3712
1205
2899
4981
4407
5981
3523
2246
1899
2716
7
4830
3733
1789
3001
2242
3164
1899
3149
5640
5627
4090
3527
2261
3411
4253
1530
2753
1980
3882
4660
2544
2005
84
3472
3932
426
4129
5025
1899
5317
1529
1003
5376
2763
2591
1136
2507
1628
4216
4846
5102
3678
3858
1706
2041
42
3462
4791
1040
4088
718
1628
4779
3804
3108
4899
1383
5841
861
4594
3192
2866
3393
3517
2260
638
5665
3619
5663
1771
3622
472
4030
3653
2337
5444
5656
3748
1622
2303
3471
221
1665
1833
5482
2875
4456
3534
1051
4056
3471
1353
4080
377
4323
4883
3607
710
2957
630
829
1260
1920
2343
340
1222
4552
1211
674
3680
3028
907
5419
3684
820
861
2244
3625
4233
4660
1719
361
3748
3337
4140
3725
5807
755
2658
5366
5688
2982
3339
3391
1771
1246
1665
4005
780
1628
3468
2478
1132
5286
3519
3518
1628
1884
3556
2598
1831
4038
3674
3385
3352
42
3537
2170
111
5183
2539
2539
3509
4183
3450
3391
5142
5689
3176
327
2475
4759
2967
5053
3537
1367
1943
3100
866
3967
4022
13
876
3462
3928
5859
99
5574
4084
4931
3598
3598
1003
2140
5777
3941
3626
70
3253
5476
3639
3554
4509
4827
2537
3950
2079
5881
3555
2660
3706
5851
4254
1994
4660
4139
1628
4577
5642
3880
4508
1719
2779
1913
3858
3401
3271
4090
5102
213
295
1663
3169
3792
4389
3311
2041
3649
4473
4591
1998
5841
3523
4276
3900
3441
2030
696
5998
1058
349
4724
3570
675
3318
2262
5872
3990
1488
5771
931
1966
3898
3696
3561
3574
1260
1487
4216
371
1623
1522
387
3311
3170
4032
2946
4488
4432
3101
83
3639
783
1884
4098
2783
1523
2204
5730
5348
4731
5841
75
4613
4577
3574
4131
5025
5370
377
4447
1826
4495
4209
198
4153
4032
59
5073
295
3280
2140
366
1899
3450
3471
3313
4130
1613
5950
1694
4559
3670
3256
656
5997
2262
5087
3669
1628
1285
132
4811
4502
4383
3870
3230
3414
3562
3655
1746
5681
2105
1632
70
3029
3277
4030
1008
1422
4234
3414
4955
789
457
4776
786
1896
3339
3925
3080
3598
739
3254
4880
2963
2771
781
2337
3872
4413
3208
4090
3880
5346
5416
1875
2679
5920
2279
2550
5995
3265
1707
3870
3393
2691
3045
803
5211
5502
4587
5558
3081
4866
5014
4519
1410
4385
3976
1294
766
5930
3928
4207
1422
3037
1044
2606
2658
3404
1847
3707
947
5436
1826
5558
2887
3607
4720
3837
3599
4664
5738
788
5647
278
4183
3910
1357
3427
278
1675
4385
1578
4211
4881
2262
537
4056
3058
1004
2717
704
3192
5777
5073
2465
3108
4447
3941
3387
3854
3092
1980
4098
5452
2773
3891
1676
4345
3272
5370
3864
2886
5919
4446
4343
871
3805
4846
2170
3928
4362
3169
4216
1769
12
4519
5974
3826
4294
3335
2878
1803
3568
3658
4158
819
4252
3837
4856
4776
2116
870
4645
3758
3302
2318
3169
5223
969
1619
1260
3925
5950
3870
2276
3392
4507
4507
2421
2041
656
1077
1500
4455
3909
4183
671
5149
2590
1289
4778
2005
531
3296
2445
3753
3594
3534
2539
5498
3054
3850
3891
4365
1575
3192
2539
4443
1264
724
506
3669
1204
1773
3557
3606
4779
295
3733
5656
292
4385
1884
1757
5893
4594
1635
823
1177
5930
554
670
1988
1878
3824
4171
766
4424
2380
3873
2428
348
628
3579
3872
3101
4209
210
3925
1920
3669
4183
4081
5946
1236
2544
2651
3001
5935
531
3553
4697
1502
3462
4208
3908
4056
4203
1701
3757
4203
614
1424
656
5731
1264
4986
1242
3748
3046
4180
3712
5416
1438
4724
3311
1875
604
3414
949
1722
4385
4030
3712
3808
5998
103
2683
42
4385
4183
4336
1708
4030
5486
4809
3625
4851
5626
4371
5530
317
803
1727
2624
4120
2883
886
3280
4943
710
2546
2419
5355
1490
3649
2957
5142
5083
4441
4972
3537
4519
3311
4672
4041
3494
4060
5845
185
1941
949
4508
4008
1384
5613
4343
4952
5215
3813
2105
2758
3852
4044
4216
3523
1899
472
3447
70
4627
3655
5883
3870
5666
4145
4756
236
5015
5954
5219
5830
3534
5012
4700
4020
1863
4088
2810
370
1050
4084
2211
3601
766
4508
4216
3642
2462
1332
3905
3658
5170
5093
3805
5769
4005
4035
589
1530
4701
1771
5129
4300
4020
4433
4176
5025
2946
3854
4944
4056
3335
4271
1584
884
765
5227
3755
4718
3384
5933
5530
3691
295
628
5525
1467
5998
852
4617
1050
3272
368
2315
3630
3606
4265
4072
3535
5530
4839
4387
5174
2550
4126
290
2732
4286
3702
2277
1991
2126
3574
1799
3218
2224
3350
2343
1884
706
4276
5012
5971
722
5667
3186
1770
3354
4103
1760
1592
3872
726
3456
4577
4007
4030
1422
1896
1410
2332
5055
4499
4060
3493
4458
5251
1346
1536
2400
30
1206
5416
3247
930
4049
3874
3527
3319
3778
3971
3677
4099
1667
4286
4645
5626
4056
3471
1187
3169
5887
4583
5217
2354
4344
225
5193
4447
1991
5729
4044
4158
1769
523
2140
76
2891
3733
424
4316
275
3927
3858
5530
3817
2013
4365
336
4533
4782
4387
5263
3409
1333
3775
4968
3566
1114
5971
4007
2625
539
5217
1251
322
118
3342
70
5014
2411
3892
984
4209
4580
4612
4315
2497
4168
87
3625
643
5014
4056
2758
103
4724
656
2186
4659
638
2658
42
2327
1098
5750
2912
1955
1595
4898
4658
2147
4110
3271
4505
1773
710
4248
2744
1324
2970
4216
3696
3680
2435
866
198
5747
1665
3272
3384
803
1276
984
2454
5608
1719
5997
2240
624
4216
4842
4433
5397
6029
4120
3928
4035
808
3918
5117
1493
632
4288
5082
4507
5811
3834
1280
4331
3661
3449
3414
869
5993
4020
4449
1343
1092
4030
5215
629
1087
5791
646
4732
5265
3910
3138
3556
5527
3042
4256
4499
2496
712
1958
4079
2886
3814
2895
935
3163
3172
4645
676
3968
4447
1605
2887
3985
4241
1185
941
122
2052
2657
4426
1934
988
5189
2123
3394
1730
876
3471
3249
4488
3250
4505
1679
5813
1980
3912
5035
3744
4131
3684
1490
3054
1719
4002
4183
3201
5935
1578
5830
2606
1493
4030
5998
4479
2960
1024
3393
4112
1769
376
3899
4851
5890
5615
7
4036
5998
789
3925
4040
4343
4385
5052
2921
3684
5717
3925
1212
3898
3486
4252
4507
4193
781
3274
2839
4303
4044
3054
4881
1875
2660
4108
4139
1040
3272
6015
5485
1814
3394
604
4866
2539
4542
3854
1980
5392
5743
3450
5214
1468
1490
4405
3118
4600
5308
5256
4965
1245
3676
3840
1563
1393
5174
5395
2288
3707
4535
3272
4407
716
4343
4917
3272
174
1696
3440
621
4602
5961
3462
1476
2315
3770
4405
5444
3414
204
4300
5721
4183
3332
1357
5023
5018
5168
2404
819
4714
5920
3431
5593
1200
861
1956
5976
1285
4128
1955
3160
4418
2052
1919
4720
4323
3854
3480
3160
365
10
1845
209
4890
1260
918
4938
5376
4846
5114
2905
848
531
1414
5122
5656
4085
4869
1799
4011
2249
3929
1579
1088
287
4272
1304
1619
1075
3414
597
1537
3765
1116
1773
3414
118
411
1188
586
4753
4622
656
5886
3129
4568
5965
4514
5738
4325
2418
1264
3538
4609
4608
3029
4546
4251
3667
2215
3293
5472
2783
4844
1636
1860
311
4596
4546
3317
692
2606
1039
1756
2658
377
3170
75
3108
4351
4183
1112
3630
1008
118
3783
1249
1767
1860
2072
4213
1285
1366
688
3195
4691
4761
957
2849
2041
3192
3757
4731
3363
4287
2271
38
5106
3218
3729
3300
4846
5881
318
441
3414
1900
3108
1600
710
120
4365
1679
2314
3080
6039
3029
3555
1335
3501
5085
1202
1040
5452
739
4216
4650
4300
5012
4774
4546
3714
4940
4964
4907
1773
5664
554
10
1426
3000
428
1260
275
4722
342
5527
365
1797
3767
4842
2514
3486
2549
4396
1533
2598
4709
969
4807
854
1700
3163
5138
4229
1523
4883
4363
2338
829
3425
1044
2293
2683
4827
5961
123
2241
576
5048
1873
2186
3029
4755
4753
633
991
2893
1770
1269
4838
4846
2600
2838
3527
3506
4651
5470
5561
2624
4755
184
4227
2284
70
3371
4887
718
609
4755
2459
3729
2160
588
3923
2260
5444
4248
4344
899
4387
4755
3365
2051
2986
1530
3421
2918
1523
120
329
1076
4333
1177
757
4286
4505
2392
4872
2270
2921
2619
4724
3380
5530
4583
3706
3363
5663
1884
2986
2460
1913
1958
3872
4084
766
839
2641
2449
2465
4266
3577
1584
576
2073
3489
656
150
736
5215
1496
4075
4755
5586
3866
2464
1734
56
106
5480
1324
2521
5971
4843
1025
1021
2711
4887
5970
4973
3126
664
2758
5747
541
5993
277
2799
2544
5055
3163
3677
755
2497
5480
7
1382
5485
1407
1326
541
4225
1884
4697
1238
2279
1657
4731
1289
3730
1264
2030
2262
5348
4558
3645
1047
84
1585
3892
5549
1899
5444
4719
2403
646
5845
58
3260
3108
5085
3309
4898
2262
1158
4755
3932
5292
609
4607
1343
4508
2957
4583
4949
3557
4874
907
2849
3
3598
1980
4899
470
3872
2105
5386
822
932
5607
5183
70
4561
1884
4697
3313
317
586
2478
931
5445
1884
1773
4606
5538
5965
4054
1276
2343
3726
1120
1120
5403
4455
3493
911
1400
1632
4698
3534
609
4173
4254
4692
91
3960
4830
5998
5549
5122
1215
3659
3674
5370
6015
2511
2462
2376
5331
4943
7
2607
1099
3502
5409
2598
2667
5186
1015
1620
3111
3114
2428
3272
2878
2665
1784
1276
5794
3039
993
5444
91
688
780
384
4169
4355
1899
4075
4108
3108
2140
13
3761
4478
2006
857
1077
3401
4266
614
5658
1934
2684
1263
931
1018
3899
1955
1756
5048
3804
1856
275
3163
2443
1897
2118
1285
3425
1012
4898
726
4838
1397
4488
1899
3622
3365
4098
2514
2098
1763
541
4975
2873
5689
5995
4697
6013
2170
5998
839
5349
3456
4002
1285
5473
1116
1077
121
5689
5122
5086
2753
4577
4035
2753
5888
204
3827
1469
1285
3755
233
3276
3630
5720
2786
2283
2211
1764
1899
4803
685
3414
2598
4275
628
2507
1899
3013
2598
1383
1053
2288
634
4755
5121
5215
4338
1459
4360
781
5144
4975
5053
1382
1040
5996
2478
5777
5131
3928
5129
4697
1775
861
4032
4164
4888
4728
4385
5337
2203
2824
1621
5397
4765
3409
1400
4755
3894
1931
4141
4542
3530
7
1260
656
4764
1621
584
3684
3553
5311
688
2561
5445
1215
4279
654
3277
4099
1980
1499
4765
4499
5172
4568
5055
969
2244
70
4421
5346
4936
4421
5777
4993
1920
2795
4398
1326
1269
1343
5790
2478
2612
5261
386
5773
2510
1692
384
1123
5087
4519
5738
947
1617
3535
4142
3092
1075
5122
5607
4109
3990
4617
5505
2740
1285
5057
326
1530
3874
301
526
2186
4124
1204
5338
84
585
2080
3080
5473
3086
1830
2343
1899
1669
3097
585
522
2836
725
4408
643
5055
3191
4304
5171
1075
2293
5142
3887
3272
4492
994
12
5272
4169
5294
2254
4508
2140
845
3241
4032
3684
1132
5642
579
1273
5258
659
1672
4883
336
4431
5638
5286
5282
2012
5773
2780
2849
5280
2554
1899
5376
4846
1479
2768
4878
5563
2038
3409
336
5087
1343
2611
4571
5067
1037
5825
5811
2675
2740
5215
5516
2049
4385
5237
5384
1269
643
1383
1468
1246
1956
1628
4697
5444
774
2585
2752
638
2391
4542
622
479
5981
1605
2182
2102
5841
4264
1598
5981
187
4595
4079
1481
1998
877
5411
781
5928
5811
5496
2538
2041
755
683
3962
4030
70
5967
5554
5279
2934
5309
5623
4057
2743
3101
1264
522
2008
680
1628
3120
84
2199
2763
5534
3406
4066
5122
2193
2723
5236
5378
956
5103
575
1015
3630
1206
1667
4569
3030
2376
1613
4214
4500
3507
5144
632
1171
3057
3270
5172
3716
5997
5970
4740
1373
4755
5377
5671
3313
1058
4363
2809
1485
5217
2679
5444
3486
3339
5793
4740
15
2960
757
377
854
5521
5523
1898
3380
710
2507
1849
4986
5444
1773
574
1669
5666
4171
3807
3295
3394
857
5053
3380
426
3410
1304
5748
5472
4
2344
5044
4488
5635
4085
5790
3254
5726
1797
2826
5308
1767
5011
1899
3650
5536
2404
2941
1304
2132
3280
5563
4667
290
5919
630
5122
3469
4725
3568
3169
4473
4011
3163
3595
3598
3970
5681
331
4001
3898
1828
5993
3783
9
3398
4542
5638
5026
2995
1938
5217
5964
1934
4715
2262
4447
5995
2259
5696
2274
3599
97
3274
4226
4888
3386
1285
264
5429
5275
2544
2937
2281
4895
5393
4129
4961
2347
4776
5375
3680
2788
2067
1699
2550
5935
5445
780
506
5888
5355
5479
1491
4755
4447
5998
5563
5549
3169
3471
563
5949
5952
3790
3885
5656
2448
1493
5294
5663
3306
3292
3414
3712
2679
2788
1775
3020
2523
3561
4260
5415
2787
5215
2419
1304
5516
3937
1357
2008
5609
1955
2426
2234
1305
5869
3873
2262
451
4333
2140
278
3678
3441
5613
5368
1914
4588
5332
3462
982
2029
4935
4323
1400
3534
5246
2606
4343
5474
6001
2789
95
5217
65
5481
1594
5219
5362
4539
2271
424
1672
5723
1899
4594
288
3523
817
1857
1285
4080
203
5279
5671
927
614
1980
888
2887
5936
4707
2262
531
556
1574
5948
2041
1628
1716
3460
3450
1667
632
2711
2619
5172
5800
4488
4701
5738
1899
4172
594
2299
479
5639
3049
1707
123
2812
2041
3045
3242
1748
465
3471
1928
4731
145
4489
2291
4092
2105
5063
5727
961
5998
1432
2313
3160
5158
3081
1922
3920
5472
5824
5998
106
2873
3192
774
422
2254
2657
5296
5993
2036
5122
5841
4917
1579
1407
5696
5678
2579
1335
3167
2140
2196
646
5461
5690
46
2636
5993
3247
1968
5919
2345
3059
2608
424
5665
579
3659
340
5540
2041
479
5920
5885
1833
1628
829
75
6015
4176
3163
1285
4467
5776
2038
5879
3949
3870
1120
1899
5943
4460
3532
2165
3778
5756
4501
651
113
5279
5835
5046
4488
5756
2013
1530
5681
5671
264
432
3817
676
5971
1586
877
5903
755
5193
1203
1986
5727
1980
4384
2790
3561
3104
2954
4405
3282
3350
322
5786
1569
2658
3534
2679
2690
1112
5830
5730
4409
4967
5862
5964
5991
7
3523
263
1357
3844
3678
2636
1628
3434
6011
397
5828
424
96
4937
5314
622
848
3649
5847
5540
411
1383
3534
1998
1544
1324
4045
780
1899
2598
2345
1850
4481
1939
3598
4678
4812
5919
4252
5961
2754
2659
3414
277
1476
742
5813
4208
1415
439
5486
5873
3471
3630
1793
349
562
5315
1088
5993
5758
2743
1665
1251
3092
696
5358
4598
5014
5085
1899
506
5087
1116
1490
5913
3748
5978
643
4845
4842
122
59
774
5788
5697
2679
825
5981
4030
1897
5452
4508
5948
5485
4057
4168
5444
1488
4086
479
2591
4407
197
5678
5886
5981
5997
5978
5347
2659
3776
7
1934
2960
2135
5540
5645
386
1972
3971
3068
824
3844
5763
5976
1158
3960
2753
5651
4237
3693
3634
585
4343
4076
3410
3101
2348
2782
2484
2051
1003
3327
1613
2052
1898
5638
562
4953
121
5405
4257
4667
3881
3853
3563
1535
3576
5927
1998
2753
5331
1771
5881
2636
59
3350
5806
3382
4505
1553
4396
3104
4861
2679
3755
2013
1255
3622
3401
5510
2465
157
1818
278
5419
3770
803
2322
2203
4005
448
500
1267
614
1899
5788
2789
1614
2539
42
231
2186
5981
5130
5777
2163
2146
5780
262
5670
4233
1188
5998
885
1015
2064
3583
3025
1632
